.Random.seed <-
c(403L, 10L, 1136145524L, -2019636617L, -1717341331L, -1925602300L, 
-832143574L, -861897579L, -2097710289L, -794064330L, 146394720L, 
408947875L, -1709455423L, -341462096L, -315615538L, -2080488391L, 
-506398133L, -293449734L, -1267397892L, 360587071L, 367644693L, 
1580974892L, -903837694L, 526185181L, 747796951L, 609072318L, 
1168920312L, 1560157403L, -573694151L, 1221884552L, -1618829770L, 
-147411343L, -957076317L, 1249109490L, 983803204L, 1369900551L, 
-122969123L, -1879323436L, -213257222L, 1087398725L, -1166288993L, 
-1446257370L, 984655280L, 636091987L, -1736976015L, 889901216L, 
-1415872450L, 1703741257L, 1391406587L, 547115466L, -374186196L, 
2132770607L, 1004572133L, 1150840988L, -224750350L, -225882771L, 
-510993753L, 208975054L, -1732322776L, -466163157L, 1616412745L, 
1995489624L, 1351858182L, 980617697L, 804303731L, 1278027746L, 
1109765972L, -732437929L, 515740237L, 513283556L, 1528197066L, 
1589285429L, -1841325937L, -1931531882L, 864998720L, 2119165955L, 
1939577377L, 991296784L, 1434333934L, 1558064793L, 619745067L, 
-643642854L, -1685972772L, 1796756703L, -189844811L, 1055802444L, 
974256290L, 2094356477L, -2129599241L, -2099531234L, -2137928488L, 
1906470971L, 244070873L, -791560344L, 51819158L, 1915165713L, 
-1466176061L, 1914507730L, 1342429284L, -1452329049L, 779442429L, 
328887540L, -1252619302L, -1899274459L, 19506751L, 1573727686L, 
939035216L, 1524074099L, -836040047L, -568438080L, 1380234398L, 
-1325287319L, 1217221787L, -694481494L, -1529586228L, 2037698703L, 
1864650949L, -1540898692L, -2137695022L, 1703687245L, 532153607L, 
-1230558994L, -1948292664L, 772632267L, -349872343L, -604182664L, 
-244990810L, 788475585L, -1220049069L, -1877449726L, 1030037812L, 
-22959433L, 675714733L, 2139305924L, 992526314L, 187949141L, 
1638931951L, 1299645942L, 1042801440L, 964050147L, 1778399617L, 
-948457488L, -360198514L, -355347975L, 409328523L, 874100666L, 
-853944644L, 377146879L, 1525295957L, 1654570092L, 980039874L, 
-794891491L, -384114281L, -441337602L, -148395336L, -252291941L, 
585028345L, 1738183752L, -160516234L, -1083772239L, -1354071325L, 
206528946L, 1250865668L, -1856829113L, -1249897443L, 2032626324L, 
799244858L, 1045630085L, -1347284641L, -734297626L, -2024624016L, 
-778079341L, -1922182095L, -2094646560L, -88884354L, 91632137L, 
181951035L, 165250058L, 1650179052L, 611291247L, 323186597L, 
-1665157284L, -1010050254L, -649903571L, 515035367L, -1891687922L, 
1691074536L, -1731403285L, 1671090825L, 1510025752L, 1697087814L, 
-898175071L, -1133387213L, -1094623326L, -280847724L, 1303687447L, 
898567949L, -1100249564L, 782724618L, -1552697483L, 1915626191L, 
279213526L, 1789860224L, -973581885L, -691034271L, -1944175152L, 
-692597458L, 1551817945L, 1670452971L, 666653530L, 1551795484L, 
-1130638305L, -1154213771L, 1363748108L, 1416677602L, 1529233853L, 
-377797065L, 822336734L, -37607400L, -1492174981L, 971675417L, 
-431682648L, 771398486L, 1374528465L, 2107508611L, 239948306L, 
1525540260L, -1145208473L, 1614958269L, 243044292L, 559169880L, 
-1104755334L, 844754864L, -601410116L, 1811977300L, -1835931710L, 
2092140576L, 1116022972L, -265111984L, -70176798L, 935700584L, 
-38289332L, 1675334908L, -696174606L, 908582144L, -1326402188L, 
-450172920L, 1134375866L, -1981135408L, -336384020L, -1146696300L, 
1351375314L, -1233002144L, 350337868L, -1016248032L, -2024552574L, 
-1124088088L, -420155156L, 1483720764L, -1191907470L, -417055120L, 
1318689828L, -2008651976L, -1804708710L, 162521808L, -2090981188L, 
-849611116L, -2138095998L, 1070680256L, 404070204L, -1607094128L, 
-35342814L, -1358414840L, -1175577332L, -1562780516L, 2123665938L, 
-564894848L, -1209141740L, -1317169624L, 997391674L, -934382128L, 
-1162219412L, 512779572L, -1646878062L, -1792542880L, -1328615604L, 
885690336L, 1554885538L, -1065194584L, 47798668L, -1215355716L, 
2123690354L, -746163984L, 167125060L, 149032280L, 149832250L, 
-1262854288L, 964537404L, -1970844908L, -1508256318L, 338843360L, 
867349372L, -1064455472L, 1727468706L, -1682929624L, 1550158092L, 
-1435012164L, 793462066L, 941056448L, -11439564L, -1766684728L, 
-1941134150L, -1794500208L, 114786796L, -574882220L, -1282208622L, 
1426078496L, -765034036L, -458457632L, 948907714L, 1981403176L, 
2071666348L, -2031849284L, -1971833358L, -1316340432L, 1493132452L, 
887055032L, 2131630426L, -920465008L, -952135812L, 540592404L, 
1026518850L, -136171776L, 454484924L, -1008141488L, -569815262L, 
699925832L, 2036499980L, 414244956L, 1443936466L, 976049664L, 
-2087102124L, -956561944L, 277873658L, 1139846352L, -1820477140L, 
-676817164L, 1041790354L, 1818828896L, -569354996L, -1899478304L, 
-55130782L, 950471336L, -51416500L, -1000075908L, -397672142L, 
830364784L, 1799676740L, 1441888728L, 432987258L, -968073680L, 
1142104764L, -718599340L, 2031239234L, -2113111648L, 377530044L, 
-1301731888L, 813739362L, 1259790312L, -1345925172L, 1891187452L, 
751566322L, -1057950592L, -1507745548L, -908664L, 1639613242L, 
-83521712L, 1306301036L, 1191827604L, -73076398L, 90924768L, 
-1664897332L, 1471910048L, 1001154434L, -1759529240L, -14614804L, 
292126780L, -1758605710L, -1553236880L, 1495274020L, 1229742136L, 
-1706624998L, -1470003504L, 296487996L, -303385452L, -105441150L, 
542453696L, -1375712964L, 1341243024L, -767645662L, 1427429384L, 
-1062495092L, -80755684L, 698360466L, -292355968L, 1314522132L, 
-377917144L, 1799879226L, 693429456L, -342877076L, 28810932L, 
173676562L, 1336266720L, 1659509708L, 1135482336L, 2062989858L, 
-960305880L, 474193164L, 1973040700L, -1678587662L, 272623344L, 
-1219637436L, -170965416L, 1577855546L, 24948464L, 347584700L, 
190982676L, 1947528386L, -835294112L, 1886559612L, 1422960848L, 
-1180083166L, 1047140008L, -723489908L, -1086405188L, 1696199730L, 
-1353756864L, 1198154932L, 1162174280L, -752352582L, -286429424L, 
1752495340L, -1068483500L, -732438766L, -1314263136L, -1229573172L, 
322931552L, 581313730L, 1243913768L, 1820515756L, -956261572L, 
1467295602L, -123502800L, 1967261220L, 592682040L, 1246410970L, 
-1016875936L, 1967076926L, 564838155L, 1930839437L, 1199763130L, 
858946808L, 836262561L, 1026857555L, -1140783756L, -1667642622L, 
1524308887L, 1219415393L, 1184181670L, 2080788388L, 732797525L, 
1438968575L, 389205912L, -1141448522L, -235461309L, -276839291L, 
1281719586L, -480139760L, -1439816263L, -1101105557L, -2127853220L, 
-665091958L, 43804799L, -69932599L, 1642474078L, 1150517516L, 
1863472349L, -243244569L, -847046128L, -871557330L, 2018065371L, 
1826651325L, 275578410L, -1016802616L, 407062513L, 1303284067L, 
-270829212L, -41280366L, 1591136615L, -1700543695L, 1426909302L, 
-183406188L, -836774491L, -1208906065L, 452728680L, -1569539258L, 
-677790989L, -1167985579L, 2022848562L, 1603794432L, 1281398505L, 
-1529420453L, 670418860L, 1652632506L, -1814022801L, -968016135L, 
-1954773106L, -269508004L, -1801903923L, -785969097L, -1122694464L, 
507432350L, -726622613L, -1560480275L, -1213692838L, -1083608296L, 
2142640257L, 1362058803L, -264256428L, -1865580446L, -950925577L, 
-848938687L, -415604794L, -63560444L, -1942864715L, 1705466783L, 
1429033976L, -428134954L, 1819989091L, -1844674523L, -804030526L, 
-1868862288L, 401901785L, 1498226251L, 1635144892L, -1127306518L, 
-2103694561L, 209339305L, -2117597890L, -1767052244L, 1171794557L, 
-1799240505L, -1299684944L, 1536429006L, -80553733L, -144564387L, 
755252362L, 974449320L, -1295845871L, -1782003965L, -264723964L, 
-684594638L, 1310136967L, 2144304849L, -353925034L, 1006843956L, 
-1854825659L, 811813263L, 1294557448L, -523535578L, -482888749L, 
1373005109L, 20989074L, -1403585440L, -2019026487L, 534180091L, 
2043940556L, -740285606L, 767084111L, 13951769L, 612818222L, 
-1388017860L, 286737581L, 1787721559L, -1897473376L, 322049022L, 
-2117893429L, -1962519347L, -1395836934L, -506467272L, -2107425311L, 
-1703336301L, -1534212940L, -530616894L, -155533865L, 621576737L, 
